
-2.207323074340820312e+01,
-8.384619712829589844e+00,
-1.067280197143554688e+01,
-1.255120182037353516e+01,
-1.190517425537109375e+00,
-9.778212547302246094e+00,
-4.126027107238769531e+00,
7.023773193359375000e+00,
8.368406295776367188e+00,
-3.940590858459472656e+00,
-2.394375038146972656e+01,
-1.656075286865234375e+01,
-1.366924285888671875e+01,
-1.023751640319824219e+01,
-2.356551742553710938e+01,
-3.401465177536010742e+00,
-3.995997905731201172e+00,
-1.160616397857666016e+01,
-7.132593542337417603e-02,
-1.282866191864013672e+01,
-2.986863327026367188e+01,
-1.984260368347167969e+01,
-9.332361221313476562e+00,
-6.494768261909484863e-01,
-1.263182258605957031e+01,
-1.949737167358398438e+01,
-1.788518333435058594e+01,
3.853085994720458984e+00,
-6.493324279785156250e+00,
-2.324659729003906250e+01,
-1.897693634033203125e+01,
-1.529319477081298828e+01,
-2.817455101013183594e+01,
-2.883642768859863281e+01,
-2.630858993530273438e+01,
-3.596661758422851562e+01,
-7.620376110076904297e+00,
-1.410972499847412109e+01,
1.716472029685974121e+00,
-9.110166549682617188e+00,
1.703002548217773438e+01,
-1.053401374816894531e+01,
-6.377547740936279297e+00,
-1.861652374267578125e+01,
6.226686477661132812e+00,
-1.927274322509765625e+01,
1.482208728790283203e+01,
-6.350036144256591797e+00,
-1.625097656250000000e+01,
-6.991786003112792969e+00,
-1.749770927429199219e+01,
-7.935723066329956055e-01,
2.238179683685302734e+00,
1.541179180145263672e+01,
-4.868882656097412109e+00,
1.697568535804748535e+00,
-5.979980468750000000e+00,
-5.691648960113525391e+00,
-5.073235034942626953e+00,
9.008918762207031250e+00,
1.423875236511230469e+01,
-1.846663475036621094e+01,
-1.591083240509033203e+01,
-2.317361640930175781e+01,
-1.335090160369873047e+01,
-2.789794445037841797e+00,
-1.397927188873291016e+01,
-1.598666286468505859e+01,
-2.505615425109863281e+01,
-2.059133148193359375e+01,
-1.556032085418701172e+01,
-7.329602718353271484e+00,
-7.093003273010253906e+00,
-1.225675868988037109e+01,
1.185528659820556641e+01,
-7.021656513214111328e+00,
-2.284584617614746094e+01,
-5.932375907897949219e+00,
3.715287923812866211e+00,
5.993709087371826172e+00,
-1.682144165039062500e+01,
-1.828388214111328125e+01,
-8.787223815917968750e+00,
-8.224768638610839844e+00,
7.542487621307373047e+00,
-6.638887882232666016e+00,
-1.114360427856445312e+01,
5.968446731567382812e+00,
-1.300765872001647949e+00,
2.091926097869873047e+00,
7.812181115150451660e-01,
-3.397854614257812500e+01,
-1.667734718322753906e+01,
-1.800829505920410156e+01,
-1.861418128013610840e+00,
-2.545865058898925781e+01,
7.183053016662597656e+00,
-1.023551559448242188e+01,
-3.360611343383789062e+01,
5.706828594207763672e+00,
2.884467840194702148e+00,
5.031381130218505859e+00,
-8.907462120056152344e+00,
-3.286446762084960938e+01,
-4.752703666687011719e+00,
-1.838159179687500000e+01,
-1.518421268463134766e+01,
-2.114013290405273438e+01,
-1.413450908660888672e+01,
-1.137984657287597656e+01,
2.323966741561889648e+00,
-1.237044525146484375e+01,
-7.596183300018310547e+00,
1.553096771240234375e+01,
3.810035943984985352e+00,
2.570836257934570312e+01,
-3.400804138183593750e+01,
-3.042787551879882812e+00,
-3.657504558563232422e+00,
-2.422842597961425781e+01,
-1.528619670867919922e+01,
-2.392512857913970947e-01,
-2.104012870788574219e+01,
-2.089597892761230469e+01,
-1.183577442169189453e+01,
-2.006708335876464844e+01,
-2.714103126525878906e+01,
-4.471463203430175781e+00,
-1.366043186187744141e+01,
-1.642563438415527344e+01,
-4.965781688690185547e+00,
-9.029654502868652344e+00,
8.064916610717773438e+00,
-1.476058006286621094e+01,
1.173858547210693359e+01,
9.361448884010314941e-01,
4.034975528717041016e+00,
-1.393213653564453125e+01,
-1.169347476959228516e+01,
-2.090584945678710938e+01,
-3.222197723388671875e+01,
-6.463112831115722656e+00,
-1.765431594848632812e+01,
-7.974140167236328125e+00,
-7.028110504150390625e+00,
-1.208184242248535156e+01,
-1.446018123626708984e+01,
-2.936327743530273438e+01,
-1.168168830871582031e+01,
-1.248218536376953125e+01,
-3.792426824569702148e+00,
1.043180084228515625e+01,
-1.221076393127441406e+01,
-1.552041244506835938e+01,
-6.212194919586181641e+00,
-3.952605247497558594e+00,
-1.663202095031738281e+01,
-8.928097724914550781e+00,
-4.805412769317626953e+00,
1.629230499267578125e+01,
-1.891051101684570312e+01,
4.836411952972412109e+00,
-4.600564002990722656e+00,
1.697124671936035156e+01,
-2.513564109802246094e+01,
5.225278854370117188e+00,
-4.013967990875244141e+00,
3.817549705505371094e+00,
1.239050102233886719e+01,
-1.702387809753417969e+01,
2.721795082092285156e+00,
7.259772777557373047e+00,
5.378950119018554688e+00,
5.175286769866943359e+00,
-1.374784851074218750e+01,
3.404021263122558594e+00,
-2.469254875183105469e+01,
-1.688664817810058594e+01,
3.920639038085937500e+01,
5.917224407196044922e+00,
1.477128887176513672e+01,
7.830866336822509766e+00,
9.110514640808105469e+00,
-1.328673744201660156e+01,
1.674817848205566406e+01,
2.651896858215332031e+01,
1.565634918212890625e+01,
5.817821502685546875e+00,
-4.149098873138427734e+00,
-8.176017761230468750e+00,
-5.408931255340576172e+00,
8.894493430852890015e-02,
1.526898980140686035e+00,
1.424172043800354004e+00,
-1.314199066162109375e+01,
4.736861228942871094e+00,
-1.290012645721435547e+01,
8.515079498291015625e+00,
2.362577915191650391e+00,
-3.056259632110595703e+00,
-4.066155910491943359e+00,
-5.323997139930725098e-01,
2.466668605804443359e+00,
-5.676658153533935547e+00,
-1.597480392456054688e+01,
1.711145973205566406e+01,
-9.269208908081054688e+00,
3.419935703277587891e+00,
8.191987037658691406e+00,
1.428637981414794922e+00,
-1.328793621063232422e+01,
1.938989639282226562e+01,
-1.005120182037353516e+01,
5.110156059265136719e+00,
-3.584789484739303589e-02,
-5.209757328033447266e+00,
1.563032245635986328e+01,
-4.424391269683837891e+00,
-1.382198905944824219e+01,
-1.040039062500000000e+01,
1.426962757110595703e+01,
-1.177643686532974243e-01,
-1.868479919433593750e+01,
-1.184109210968017578e+01,
5.127716064453125000e+00,
-6.191095352172851562e+00,
1.048831367492675781e+01,
-6.493343353271484375e+00,
-2.419036293029785156e+01,
-1.013023948669433594e+01,
2.680857658386230469e+00,
-1.000945091247558594e+01,
-7.999521732330322266e+00,
-1.460663127899169922e+01,
-9.411412477493286133e-02,
2.249553442001342773e+00,
1.544420719146728516e+01,
-8.563687324523925781e+00,
-1.653460502624511719e+00,
-5.430365085601806641e+00,
-2.150324440002441406e+01,
5.521680831909179688e+00,
6.182794094085693359e+00,
1.065556621551513672e+01,
-1.707500267028808594e+01,
3.515337705612182617e+00,
1.950627517700195312e+01,
-7.893510341644287109e+00,
-7.758152961730957031e+00,
-1.002958488464355469e+01,
-9.610324859619140625e+00,
6.263376712799072266e+00,
-9.851937294006347656e+00,
-1.202708244323730469e+01,
2.457123756408691406e+00,
7.380238771438598633e-01,
6.320808410644531250e+00,
-1.482532501220703125e+01,
-8.235793113708496094e+00,
-8.267301559448242188e+00,
-7.587626934051513672e+00,
-1.228379917144775391e+01,
-3.679565906524658203e+00,
-1.485266971588134766e+01,
-6.743526458740234375e+00,
-8.913372039794921875e+00,
-8.013107776641845703e-01,
-1.208468317985534668e+00,
1.690362358093261719e+01,
-1.994101142883300781e+01,
-3.202325439453125000e+01,
-2.980758476257324219e+01,
-7.222052097320556641e+00,
-2.080519485473632812e+01,
-2.157650947570800781e+01,
-3.038839721679687500e+01,
-1.981429862976074219e+01,
-1.871459388732910156e+01,
-1.851070022583007812e+01,
-2.256860923767089844e+01,
-2.423124122619628906e+01,
-5.346424579620361328e-01,
1.499179840087890625e+01,
-1.785899877548217773e+00,
1.095606517791748047e+01,
5.709226131439208984e+00,
-4.639643669128417969e+00,
-1.038559150695800781e+01,
-1.639724969863891602e-01,
-1.723539161682128906e+01,
-1.967897796630859375e+01,
-5.368387699127197266e+00,
-1.291942691802978516e+01,
-6.566393375396728516e+00,
-5.138426780700683594e+00,
-2.368738555908203125e+01,
-1.381597137451171875e+01,
-2.796595573425292969e+01,
-1.922283935546875000e+01,
-1.869027900695800781e+01,
-2.056326675415039062e+01,
5.635560035705566406e+00,
-1.800609970092773438e+01,
-2.118404197692871094e+01,
-5.379403010010719299e-04,
-1.211929798126220703e+01,
6.625208258628845215e-01,
-8.610515594482421875e+00,
-5.909090518951416016e+00,
1.181803822517395020e+00,
1.016445446014404297e+01,
8.581615447998046875e+00,
5.033398151397705078e+00,
4.017729759216308594e-01,
-1.874245643615722656e+01,
5.676699161529541016e+00,
-2.065834426879882812e+01,
4.361868381500244141e+00,
-1.114088058471679688e+01,
-1.691920852661132812e+01,
-2.071633148193359375e+01,
-9.155843734741210938e+00,
-1.973526763916015625e+01,
8.302927017211914062e+00,
-9.160101890563964844e+00,
-4.113119125366210938e+00,
-1.444197845458984375e+01,
4.447925090789794922e+00,
-2.057134151458740234e+00,
-8.661989212036132812e+00,
-7.344900608062744141e+00,
-5.465570449829101562e+00,
-5.320337772369384766e+00,
-1.393784046173095703e+00,
-2.607445955276489258e+00,
-1.747110366821289062e+01,
-2.152926826477050781e+01,
-1.893872261047363281e+01,
-4.547049045562744141e+00,
-1.105026912689208984e+01,
1.496839332580566406e+01,
1.726004183292388916e-01,
-6.364902973175048828e+00,
-1.757624244689941406e+01,
-1.711936759948730469e+01,
1.337830305099487305e+00,
4.488859176635742188e+00,
-1.228072547912597656e+01,
-1.367050707340240479e-01,
-1.248277664184570312e+00,
4.275850296020507812e+00,
-1.462874984741210938e+01,
3.304851531982421875e+00,
4.560769081115722656e+00,
-5.275486946105957031e+00,
-2.892671108245849609e+00,
-4.796585083007812500e+00,
-2.540524864196777344e+01,
-2.133147621154785156e+01,
8.185274124145507812e+00,
-2.088646507263183594e+01,
-1.315583515167236328e+01,
-1.914114189147949219e+01,
-8.779297828674316406e+00,
-1.875213813781738281e+01,
-1.753147697448730469e+01,
-1.198817634582519531e+01,
-2.403934097290039062e+01,
-1.226819992065429688e+01,
-2.128044509887695312e+01,
-1.321827697753906250e+01,
-3.333195877075195312e+01,
-9.804321289062500000e+00,
7.915540695190429688e+00,
-4.329267501831054688e+00,
-1.963271331787109375e+01,
-2.803284835815429688e+01,
-1.630091476440429688e+01,
-1.253282928466796875e+01,
-1.417364120483398438e+01,
-1.494973659515380859e+01,
-3.300260066986083984e+00,
-7.950479984283447266e+00,
-6.222966194152832031e+00,
-2.609856224060058594e+01,
1.303019618988037109e+01,
-2.662507534027099609e+00,
-2.723450660705566406e+01,
-2.442348670959472656e+01,
-1.111648941040039062e+01,
1.887808442115783691e+00,
-1.251616287231445312e+01,
-1.707676124572753906e+01,
-3.620742321014404297e+00,
-1.196250534057617188e+01,
-8.170710563659667969e+00,
3.825232505798339844e+00,
-1.349788093566894531e+01,
3.174263000488281250e+01,
1.494852638244628906e+01,
2.365422487258911133e+00,
-9.971462488174438477e-01,
1.598778843879699707e+00,
-1.155707931518554688e+01,
-2.134505748748779297e+00,
8.214120864868164062e-01,
5.651678085327148438e+00,
7.788075923919677734e+00,
-9.267994880676269531e+00,
1.080043888092041016e+01,
2.330131912231445312e+01,
2.871077346801757812e+01,
3.169195175170898438e+01,
-8.861989974975585938e+00,
2.093282318115234375e+01,
1.970495033264160156e+01,
3.259945297241210938e+01,
3.592937088012695312e+01,
3.977129364013671875e+01,
4.020855712890625000e+01,
-6.875260353088378906e+00,
3.177365875244140625e+01,
-1.010634326934814453e+01,
-1.788402366638183594e+01,
1.071744346618652344e+01,
7.149320840835571289e-01,
-6.858192920684814453e+00,
1.987788772583007812e+01,
2.273687744140625000e+01,
1.929319858551025391e+00,
-1.571094894409179688e+01,
2.567182540893554688e+00,
-1.525189208984375000e+01,
2.557567214965820312e+01,
1.135089993476867676e+00,
2.529182815551757812e+01,
-6.315989494323730469e+00,
-6.187024116516113281e-01,
-2.856754064559936523e+00,
-3.079283905029296875e+01,
-4.834761619567871094e+00,
-6.890782356262207031e+00,
-1.469050788879394531e+01,
6.157280349731445312e+01,
-1.552762836217880249e-01,
1.429325199127197266e+01,
4.207700729370117188e+01,
-1.418341255187988281e+01,
1.191560459136962891e+01,
-1.277045726776123047e+01,
6.718377590179443359e+00,
1.338483095169067383e+00,
6.094349384307861328e+00,
2.783620452880859375e+01,
3.096850204467773438e+01,
1.762828636169433594e+01,
1.720056724548339844e+01,
1.183713340759277344e+01,
-7.892297744750976562e+00,
2.456633758544921875e+01,
-5.116374015808105469e+00,
-4.025704383850097656e+00,
2.257331466674804688e+01,
3.492471313476562500e+01,
3.650371551513671875e+00,
-5.467925071716308594e+00,
-4.554941058158874512e-01,
3.727223634719848633e+00,
2.375658416748046875e+01,
-2.844764471054077148e+00,
2.188413810729980469e+01,
-1.798714447021484375e+01,
1.185003376007080078e+01,
8.752238750457763672e-01,
-1.511355400085449219e+01,
6.798138618469238281e+00,
9.842623710632324219e+00,
-1.075086784362792969e+01,
3.276290512084960938e+01,
4.240381240844726562e+00,
7.774490356445312500e+00,
1.878169822692871094e+01,
-7.723639965057373047e+00,
1.271992874145507812e+01,
-5.030462741851806641e+00,
-7.822171598672866821e-02,
-7.257758617401123047e+00,
-5.640590667724609375e+00,
1.751785850524902344e+01,
3.777362823486328125e+01,
9.935063362121582031e+00,
6.834592819213867188e+00,
1.811940193176269531e+01,
1.277067303657531738e+00,
9.269659996032714844e+00,
-1.031770706176757812e+01,
1.486934757232666016e+01,
1.245630073547363281e+01,
9.357625007629394531e+00,
-9.809349060058593750e+00,
-1.236123847961425781e+01,
1.559905052185058594e+00,
-4.968810677528381348e-01,
-8.223820686340332031e+00,
1.452755260467529297e+01,
7.041960239410400391e+00,
3.868645095825195312e+01,
1.088534450531005859e+01,
6.592278003692626953e+00,
5.442929840087890625e+01,
5.468493461608886719e+00,
-2.006374549865722656e+01,
-1.523057651519775391e+01,
-6.777071475982666016e+00,
-1.510098552703857422e+01,
2.798027038574218750e+00,
2.628204727172851562e+01,
-1.429258060455322266e+01,
-2.314149379730224609e+00,
1.203613853454589844e+01,
2.765507698059082031e+01,
-4.271296024322509766e+00,
3.416895294189453125e+01,
-3.615830183029174805e+00,
-7.947521686553955078e+00,
-1.855856895446777344e+01,
-5.803014278411865234e+00,
-6.666081428527832031e+00,
-1.354033279418945312e+01,
1.688848304748535156e+01,
3.049241542816162109e+00,
4.122825860977172852e-01,
-2.249303817749023438e+01,
9.289575576782226562e+00,
-6.685713291168212891e+00,
-1.334703254699707031e+01,
-2.648759484291076660e-01,
-3.290529012680053711e+00,
2.066151618957519531e+01,
2.390094184875488281e+01,
-1.245778942108154297e+01,
2.835496425628662109e+00,
2.765537261962890625e+01,
7.503188610076904297e+00,
-5.759118080139160156e+00,
-3.766269683837890625e+00,
-1.166803169250488281e+01,
-1.565643215179443359e+01,
-1.895163345336914062e+01,
7.372277832031250000e+01,
-2.171082687377929688e+01,
9.848316192626953125e+00,
8.775243759155273438e+00,
2.002724838256835938e+01,
-1.570952701568603516e+01,
6.267280101776123047e+00,
-5.472843647003173828e+00,
2.037169647216796875e+01,
1.209368228912353516e+01,
3.505206298828125000e+01,
1.309950637817382812e+01,
-5.342431068420410156e+00,
1.469812583923339844e+01,
7.117482423782348633e-01,
-2.112811470031738281e+01,
-6.599894523620605469e+00,
-1.316523933410644531e+01,
-1.385216522216796875e+01,
-2.339785385131835938e+01,
7.391000986099243164e-01,
1.709622573852539062e+01,
-8.291242599487304688e+00,
-1.773062467575073242e+00,
-1.213230323791503906e+01,
1.688333892822265625e+01,
-4.146892547607421875e+00,
2.505518436431884766e+00,
4.106405735015869141e+00,
-7.312682628631591797e+00,
1.016968059539794922e+01,
-1.172021627426147461e+00,
1.343740177154541016e+01,
1.307570075988769531e+01,
-6.106473922729492188e+00,
2.084501075744628906e+01,
1.030785655975341797e+01,
-7.391111850738525391e+00,
3.331076812744140625e+01,
1.259007453918457031e+01,
-2.406646728515625000e+01,
-8.337574958801269531e+00,
1.695941543579101562e+01,
6.357124805450439453e+00,
8.137682914733886719e+00,
3.777104139328002930e+00,
-1.601466059684753418e+00,
6.195178985595703125e+00,
-1.955182266235351562e+01,
-1.184071731567382812e+01,
3.144907760620117188e+01,
3.774459838867187500e+01,
-8.151401519775390625e+00,
6.194468975067138672e+00,
-1.312528228759765625e+01,
-9.713568687438964844e+00,
3.387842655181884766e+00,
3.599799156188964844e+00,
-4.656331062316894531e+00,
-1.152707290649414062e+01,
-1.945730590820312500e+01,
2.371509170532226562e+01,
2.975076103210449219e+01,
-8.831565856933593750e+00,
2.067534065246582031e+01,
-6.615902423858642578e+00,
-2.356027603149414062e+01,
1.946441078186035156e+01,
2.949256658554077148e+00,
1.725176620483398438e+01,
1.563667011260986328e+01,
1.288442230224609375e+01,
5.860573291778564453e+00,
1.902539062500000000e+01,
2.004288864135742188e+01,
2.498628425598144531e+01,
-5.246399879455566406e+00,
7.533250451087951660e-01,
-2.608769798278808594e+01,
1.766691207885742188e+00,
5.229125499725341797e+00,
-1.548663234710693359e+01,
4.509728431701660156e+00,
-1.447120475769042969e+01,
1.584393978118896484e+01,
-2.528469562530517578e-01,
-7.304741382598876953e+00,
3.622277832031250000e+01,
1.582346916198730469e+01,
2.657689094543457031e+01,
1.802734375000000000e+01,
-2.706550598144531250e+00,
2.761417198181152344e+01,
5.313794612884521484e+00,
1.057630443572998047e+01,
5.681250000000000000e+01,
5.029535293579101562e+01,
2.693776130676269531e+01,
2.535504579544067383e+00,
-1.759691834449768066e+00,
-1.614732360839843750e+01,
-1.137615561485290527e+00,
-4.216513156890869141e+00,
-1.711803627014160156e+01,
-4.639565646648406982e-01,
-3.243786573410034180e+00,
8.720092177391052246e-01,
-9.426342010498046875e+00,
-7.247787475585937500e+00,
-6.241985321044921875e+00,
4.071692657470703125e+01,
2.654565811157226562e+00,
-1.882646560668945312e+01,
7.081663131713867188e+00,
-9.867986679077148438e+00,
-8.025585412979125977e-01,
-1.897730827331542969e+01,
-1.431512928009033203e+01,
-4.009194374084472656e+00,
7.125066280364990234e+00,
-3.288434982299804688e+00,
-4.329051017761230469e+00,
3.885599851608276367e+00,
-1.216619491577148438e+01,
5.363310813903808594e+00,
7.178595542907714844e+00,
-1.550188827514648438e+01,
-1.039437961578369141e+01,
2.656337928771972656e+01,
-6.200757980346679688e+00,
3.224739074707031250e+01,
-6.260706424713134766e+00,
1.350042104721069336e+00,
1.213149929046630859e+01,
-1.888715171813964844e+01,
-4.741773605346679688e+00,
-3.690426349639892578e+00,
-2.321423053741455078e+00,
-2.129270076751708984e+00,
-1.602999210357666016e+00,
-1.622899436950683594e+01,
7.911934375762939453e+00,
-1.829673576354980469e+01,
3.012080192565917969e+01,
2.161249160766601562e+01,
5.111373901367187500e+00,
2.000721359252929688e+01,
2.436014366149902344e+01,
-1.209493923187255859e+01,
-1.073917627334594727e+00,
4.771495342254638672e+00,
8.334809303283691406e+00,
1.680152702331542969e+01,
-9.639013290405273438e+00,
3.428498840332031250e+01,
1.635440063476562500e+01,
7.234541773796081543e-01,
-3.084854364395141602e+00,
-1.977170586585998535e+00,
1.081531047821044922e+01,
6.589904785156250000e+01,
4.329613876342773438e+01,
7.848833084106445312e+00,
-2.521574735641479492e+00,
4.313268184661865234e+00,
1.898725700378417969e+01,
-2.489703750610351562e+01,
3.620888900756835938e+01,
1.655972480773925781e+01,
-1.263524246215820312e+01,
2.239878845214843750e+01,
9.012076258659362793e-01,
5.300070190429687500e+01,
9.173603057861328125e+00,
7.661854553222656250e+01,
-1.998779678344726562e+01,
1.315129756927490234e+01,
-1.769837570190429688e+01,
1.089530372619628906e+01,
2.864428138732910156e+01,
1.074475097656250000e+01,
2.943773078918457031e+01,
1.988406372070312500e+01,
2.001545333862304688e+01,
2.445937728881835938e+01,
5.655817985534667969e+00,
3.259431123733520508e+00,
4.533602714538574219e+00,
3.696215867996215820e+00,
1.959333038330078125e+01,
-1.551599693298339844e+01,
-4.564786434173583984e+00,
1.098802089691162109e+00,
1.687682914733886719e+01,
-2.028363466262817383e+00,
-6.041668415069580078e+00,
-1.718884658813476562e+01,
1.794350051879882812e+01,
6.683293819427490234e+00,
3.987133789062500000e+01,
-2.023310661315917969e+00,
2.488666725158691406e+01,
-1.372084903717041016e+01,
1.842595577239990234e+00,
-7.941276550292968750e+00,
1.804592323303222656e+01,
-7.812119960784912109e+00,
2.505211830139160156e+01,
-1.332655811309814453e+01,
-4.584969520568847656e+00,
-1.082762813568115234e+01,
2.063410949707031250e+01,
-8.755899429321289062e+00,
-1.647252273559570312e+01,
-6.684486389160156250e+00,
2.237871885299682617e-01,
1.406358909606933594e+01,
-2.324486160278320312e+01,
7.256493377685546875e+01,
1.221001720428466797e+01,
6.762684631347656250e+01,
-4.304742336273193359e+00,
-4.137544155120849609e+00,
1.522417449951171875e+01,
1.288962364196777344e+01,
9.766381263732910156e+00,
-1.262048625946044922e+01,
-5.136957645416259766e+00,
8.208207786083221436e-02,
2.539556026458740234e+00,
1.592608070373535156e+01,
-2.371221733093261719e+01,
-1.159577941894531250e+01,
7.397231101989746094e+00,
1.261934041976928711e+00,
-3.348773002624511719e+00,
-9.910566329956054688e+00,
1.897801971435546875e+01,
1.189852428436279297e+01,
5.917614459991455078e+00,
-2.688453912734985352e+00,
2.635456466674804688e+01,
1.783213806152343750e+01,
2.889638710021972656e+01,
1.241719627380371094e+01,
2.716896057128906250e+01,
1.678276443481445312e+01,
1.013990521430969238e+00,
-5.658591747283935547e+00,
1.628451728820800781e+01,
1.215116024017333984e+01,
5.261944293975830078e+00,
5.092609405517578125e+00,
-8.814669609069824219e+00,
5.821858882904052734e+00,
2.767925024032592773e+00,
5.290472030639648438e+00,
2.722336578369140625e+01,
-1.299014472961425781e+01,
1.159228229522705078e+01,
4.371634483337402344e+00,
-1.200399780273437500e+01,
-5.737221717834472656e+00,
-1.027819061279296875e+01,
1.732812690734863281e+01,
-8.243329048156738281e+00,
2.657668113708496094e+01,
3.433847427368164062e+00,
-1.452818679809570312e+01,
1.696390342712402344e+01,
-4.796536445617675781e+00,
-2.921143531799316406e+01,
-1.353905582427978516e+01,
3.996874988079071045e-01,
1.629852676391601562e+01,
-6.535730838775634766e+00,
6.688911437988281250e+00,
-6.156208992004394531e+00,
-8.205543160438537598e-01,
2.670195770263671875e+01,
1.295212358236312866e-01,
-1.063242053985595703e+01,
1.517989635467529297e+00,
3.459358596801757812e+01,
-1.467683124542236328e+01,
-8.890293121337890625e+00,
-2.776887655258178711e+00,
1.424267673492431641e+01,
1.343625164031982422e+01,
2.823645591735839844e+01,
-5.707281231880187988e-01,
6.759882926940917969e+00,
1.823078346252441406e+01,
-2.080040216445922852e+00,
1.756638145446777344e+01,
-3.195282071828842163e-02,
1.683185005187988281e+01,
-1.677649855613708496e+00,
-2.190507888793945312e+01,
-1.303532028198242188e+01,
2.183491325378417969e+01,
6.748066425323486328e+00,
9.750260353088378906e+00,
4.251933097839355469e+00,
-1.288557243347167969e+01,
-1.981706380844116211e+00,
-8.260634541511535645e-01,
-1.170226860046386719e+01,
-2.783023118972778320e+00,
1.817818450927734375e+01,
2.781902503967285156e+01,
1.177752780914306641e+01,
4.454933643341064453e+00,
1.630481719970703125e+01,
-7.549354076385498047e+00,
-1.819988965988159180e+00,
3.156870651245117188e+01,
-1.272711277008056641e+01,
-1.760947036743164062e+01,
4.320578384399414062e+01,
-5.536293983459472656e+00,
1.452454280853271484e+01,
-1.832676506042480469e+01,
1.104268836975097656e+01,
-1.067010784149169922e+01,
-7.983603000640869141e+00,
-1.775333213806152344e+01,
2.388803100585937500e+01,
-7.544963806867599487e-02,
-3.499178647994995117e+00,
4.558144378662109375e+01,
2.922890901565551758e+00,
1.387810993194580078e+01,
7.439437389373779297e+00,
6.018724441528320312e+00,
5.344184398651123047e+00,
1.274405002593994141e+01,
-1.381608843803405762e+00,
-1.262857055664062500e+01,
-4.730125069618225098e-01,
-9.728363990783691406e+00,
-1.255549430847167969e+00,
-1.743645286560058594e+01,
9.841555595397949219e+00,
3.530236434936523438e+01,
6.893175125122070312e+00,
-1.120082187652587891e+01,
1.992100906372070312e+01,
-2.950315922498703003e-02,
1.421903514862060547e+01,
7.464307308197021484e+00,
1.810428619384765625e+01,
-3.540185546875000000e+01,
3.226357650756835938e+01,
-3.706292152404785156e+00,
1.356865215301513672e+01,
1.055102062225341797e+01,
4.878798961639404297e+00,
7.303004741668701172e+00,
1.120031547546386719e+01,
-3.633025646209716797e+00,
1.921573066711425781e+01,
1.431718254089355469e+01,
3.708702087402343750e+01,
-6.264410495758056641e+00,
-2.384997940063476562e+01,
1.423960018157958984e+01,
2.176619148254394531e+01,
2.909385871887207031e+01,
6.243868350982666016e+00,
1.023269939422607422e+01,
4.922399997711181641e+00,
3.028132820129394531e+01,
-2.991935014724731445e+00,
3.993147611618041992e+00,
1.737045097351074219e+01,
-1.008553314208984375e+01,
-2.580289840698242188e+01,
-4.854277133941650391e+00,
2.376505088806152344e+01,
4.254283523559570312e+01,
5.078433513641357422e+00,
9.793358445167541504e-01,
1.015659523010253906e+01,
1.044806957244873047e+01,
1.465170192718505859e+01,
-3.785261392593383789e+00,
-1.820224189758300781e+01,
-9.704125404357910156e+00,
-1.418987941741943359e+01,
-1.565518826246261597e-01,
-1.017708206176757812e+01,
-1.231241512298583984e+01,
7.134756565093994141e+00,
-1.403252124786376953e+00,
-2.737575292587280273e+00,
-7.890955924987792969e+00,
-1.055485725402832031e+01,
8.061997413635253906e+00,
2.520752716064453125e+01,
1.097846889495849609e+01,
2.212437438964843750e+01,
1.760197257995605469e+01,
1.530957889556884766e+01,
1.616315269470214844e+01,
1.808134078979492188e+01,
-1.056505298614501953e+01,
-1.476995944976806641e+01,
-5.085121631622314453e+00,
-9.356141090393066406e+00,
-1.237057781219482422e+01,
-5.180472850799560547e+00,
8.811578750610351562e+00,
-6.784406185150146484e+00,
-1.812274932861328125e+01,
-1.439399909973144531e+01,
-2.989422321319580078e+00,
-1.174522686004638672e+01,
1.616449832916259766e+00,
2.756130218505859375e+01,
1.343521690368652344e+01,
-7.965816974639892578e+00,
4.075108337402343750e+01,
-2.540740966796875000e+01,
-1.234321594238281250e+01,
-1.702322006225585938e+01,
-2.658153533935546875e+00,
-8.411999702453613281e+00,
-5.504925727844238281e+00,
-1.512543670833110809e-02,
-1.584274101257324219e+01,
-2.244673728942871094e+01,
-6.478431224822998047e-01,
1.358985900878906250e+01,
2.869092226028442383e+00,
1.246261119842529297e+01,
1.571368122100830078e+01,
-7.256231784820556641e+00,
-9.178728103637695312e+00,
6.834827065467834473e-01,
3.165322685241699219e+01,
-3.130501031875610352e+00,
-1.311181831359863281e+01,
2.757234811782836914e+00,
-2.885549926757812500e+01,
-8.046668052673339844e+00,
-1.487184810638427734e+01,
-1.376732349395751953e+01,
-1.785144996643066406e+01,
-8.130496978759765625e+00,
1.244104862213134766e+01
